cell_id,population,gene_0,gene_1,gene_2,gene_3
0,pop_0,3.155904110869618,2.389977009866666,3.366660340214718,2.691480495754112
1,pop_0,3.5030061033208333,2.648825918829593,3.274640951796035,2.9674897829552895
2,pop_0,3.634579458920508,2.3738985336032434,3.3874067400116874,2.848088189529108
3,pop_0,3.5549629006585857,3.319212885074264,3.118210532426593,2.6584777031798663
4,pop_0,3.696161346164099,2.9806730507119306,3.026896171585076,2.4100037719093224
5,pop_0,3.279113946981838,2.61294986717759,3.2300491398466114,2.7773678151910466
6,pop_0,3.3035650550937605,2.791210133456323,3.3399023578168254,2.8343513937011764
7,pop_0,3.064419012292538,2.7306893292404237,3.201927779666796,3.1670873743687644
8,pop_0,3.400117505898092,2.564753504098797,3.1491350215319525,3.0638536493705746
9,pop_0,3.985724422090639,2.353083119769788,3.033053390068536,2.48445994430313
10,pop_0,3.36703733169879,2.3326647502769458,3.2505301302010516,2.100044920170101
11,pop_0,3.4150295245393,2.191615065453435,2.779062653332513,2.240543064226331
12,pop_0,3.4394487642090557,2.410743698944538,2.993228155222495,2.7581511305831166
13,pop_0,3.3787694294817654,2.5572695185767316,3.018962490704798,2.548234019483457
14,pop_0,3.307575647636766,2.6377010985945826,2.8615008427478874,2.8208467174849186
15,pop_0,3.105956570212192,2.605196008826676,3.596566492687828,3.316914136152409
16,pop_0,3.635177559423169,2.7754608864283465,2.9214183692609934,3.168315638226675
17,pop_0,3.458772322740663,2.642938166736127,3.0421408295943713,2.479107150972895
18,pop_0,3.62173651263763,2.555770542105471,2.9586207648744938,2.9336874599899216
19,pop_0,3.054815892527516,2.8679632219522624,3.2660205407143805,2.718740530571988
20,pop_0,3.550676835308538,3.0081776144641914,3.6736356980782645,2.6765986561907837
21,pop_0,3.5302844974763805,2.7419852316167663,2.935584412195062,2.6971016915703605
22,pop_0,3.0162179852577915,2.2690229408850136,3.6624437471154336,2.9613099129134937
23,pop_0,3.8091228167018594,2.571118243976622,2.8902340348774196,2.4853512915466442
24,pop_0,4.2301321608698705,2.227485186234591,3.198153122217924,2.3870300560486943
25,pop_0,3.255075251143344,2.976691586473852,3.0438726232828706,2.5755318830434066
26,pop_0,3.0753389019430273,2.6609138167277413,3.5521359817528158,2.1630302688274483
27,pop_0,3.5871798857243955,2.394472287175309,3.523822857144437,2.599857590525493
28,pop_0,2.86354283237462,2.460930921896204,2.958724255663762,2.2955489619819187
29,pop_0,3.138254349708385,2.876615040544289,3.112597137211642,2.7166965698288768
30,pop_0,3.623499288697266,2.6930393411184417,3.3293513487772004,2.4695442914624834
31,pop_0,3.7884862967485966,2.3841927282678186,3.398596519311677,3.0030376656323656
32,pop_0,3.65492587887214,2.3285975656123687,3.5691477019289226,3.0248790112823585
33,pop_0,3.0806681910947558,2.7747547735497355,3.264486934984417,2.8958733866947366
34,pop_0,3.548202476964439,2.3129015630481073,3.2258242776979875,2.5691767703406883
35,pop_0,3.364255919236688,2.5677380217177896,3.071055126647311,2.768000513002138
36,pop_0,3.131788994607731,2.616282446946983,3.3191963266440405,3.1397415706275416
37,pop_0,3.2735157248267517,2.9144082936273366,3.148073145268573,2.568786964485484
38,pop_0,3.4321691957587808,2.5565757831233933,3.284867714920399,2.336259278968902
39,pop_0,3.364853202193208,2.4225921141363487,3.2624087278253335,2.300658228265717
40,pop_0,3.363833577002784,2.630981485298189,3.448321723752199,2.220969042804026
41,pop_0,3.425681978701584,2.420906129889008,3.314393320487147,2.6552064079339357
42,pop_0,3.2348877320841036,2.591079979404807,2.94654236036114,2.685505039512644
43,pop_0,3.4907090966197036,2.698010760937406,3.4228207756855573,2.582272912525032
44,pop_0,3.39542127099979,2.5442672571075433,3.4283031467323357,2.345076897715898
45,pop_0,3.3772043097521505,2.5111927206729567,3.1141071117156094,2.538939595460513
46,pop_0,3.3784037570746968,2.876653809155766,3.4494936602273096,2.997999607852333
47,pop_0,3.690019239167724,2.776223240901196,3.6840165818374038,2.363435083382952
48,pop_0,3.2678152512258074,2.8855159664354435,3.0790008939382,2.8784919790996057
49,pop_0,3.630334378322821,2.3058697404252446,3.2355933246417163,2.374388964682239
50,pop_0,3.298851951883633,2.7100032421720317,2.984173957531088,2.8318208085931427
51,pop_0,3.6694960906565934,2.565871589739963,2.8058186407284404,3.264306654865477
52,pop_0,3.0867384467544867,2.4915081818021805,3.450887407528016,2.9976735948990814
53,pop_0,3.565664398413711,2.677782729779377,3.4476822695117644,2.4407612434540242
54,pop_0,3.1073688093033773,2.591768469222476,3.3582212498216295,2.7829385929671657
55,pop_0,2.991623680645204,2.6729377947579267,3.6106350575857364,2.8456721504432747
56,pop_0,3.2334265971001206,2.4628573737538746,3.2870152205108636,2.8404663200831983
57,pop_0,3.2585240194585214,2.8487136712728414,3.3483910425760737,2.7636336178288614
58,pop_0,3.3182630387376566,2.268109885259141,3.6968382118739243,2.5039348309615415
59,pop_0,3.497583667697587,2.509174729837281,3.2374840635158533,2.8710109578454266
60,pop_0,3.6488318486917297,2.321096702243326,3.228887874870558,2.564398880211175
61,pop_0,3.5229415645571165,2.6533405924043185,3.5144561416956255,2.2713864728723165
62,pop_0,3.249850722295434,2.5169091809258304,3.335351095566145,2.9029664619340867
63,pop_0,3.733972397579031,2.3791690881063574,3.5670250732500093,2.42054460475596
64,pop_0,3.835972632421767,2.3883708477737557,3.7163003986192846,2.734084288696445
65,pop_0,3.3867209983669517,2.6758176191788494,2.6959301764837558,2.897074110757847
66,pop_0,3.5759546361395,2.6173656466468462,3.1898514530081625,2.788289844730384
67,pop_0,3.368689703719008,2.5477570148679543,2.9115228775619983,2.6316949978435833
68,pop_0,3.40122691896521,2.74998209359346,3.429733008733736,3.1361964745039503
69,pop_0,3.5447099564497058,2.681448420426605,3.179757181460362,2.8272842374660905
70,pop_0,3.4047819568731112,2.761965895477527,3.2961536983877338,2.606573914721968
71,pop_0,3.2055240079335836,2.9583042553503396,3.2367886224494415,2.6152234637811773
72,pop_0,3.7123501681225113,2.1623988680745723,3.187447600769338,2.635136892076994
73,pop_0,3.932316943333645,2.511509303139444,3.2916338756013954,3.1179871050521846
74,pop_0,3.7442351412544084,2.0743129995486784,3.1340871177267684,2.1996178858002318
75,pop_0,3.0077301734857746,2.5535268680676833,3.091268513405563,3.037991347213356
76,pop_0,3.2886561527255287,2.844127654802419,3.063039415940554,2.6806445935614054
77,pop_0,3.713747664281608,2.549610606507069,3.4749726992732923,2.602151046229657
78,pop_0,3.5585868864912094,2.7406324814000977,3.4379115587765807,2.3531047753793533
79,pop_0,2.946347505520809,2.833981012763793,3.3788677291607203,2.6366995512949956
80,pop_0,3.8352316162213516,2.2190285344939404,3.1630529536658414,2.808564425455362
81,pop_0,2.9925618742598625,2.7207424244784155,3.530719789870562,2.728487702713811
82,pop_0,2.8904964913389835,2.544750319070761,3.1908140699278698,2.698865856359283
83,pop_0,3.561872146899867,2.8341977328480046,3.1921032528623123,2.431282734655805
84,pop_0,3.3890126517251598,2.5754480698607756,3.5342206911092218,3.0856906952503427
85,pop_0,3.3958458628393187,2.7574742263404635,3.074312163236646,2.71774032744684
86,pop_0,3.389947781829161,2.4880898647913394,3.1195259371117063,2.4410961393232236
87,pop_0,3.6143475336504194,2.432987197807368,3.3444928064704436,2.9331122988045455
88,pop_0,3.232266027458917,2.771838531574221,3.1251473822693474,2.918662146000604
89,pop_0,3.3013583776402706,2.342147546306821,3.1584448356488237,2.7292860888509924
90,pop_0,3.4808436725877407,2.6656527867180464,3.236768020794792,2.563932569444697
91,pop_0,3.3148726268615314,2.782163991012667,3.5458236453127783,3.191913683684856
92,pop_0,3.0538798113320667,2.615746536535468,3.314968058450835,2.566181609581825
93,pop_0,3.7176228951760018,2.776331015597385,3.3216952479548816,2.283995339915292
94,pop_0,3.332934994195474,2.7932674461575058,3.045373733859294,2.560211434644807
95,pop_0,3.420650732308346,2.2468716369978026,3.5098766168197795,2.7856666433977693
96,pop_0,3.2221306723377596,2.3213144921229696,3.504543489261451,2.499215691514939
97,pop_0,3.002043646389901,2.413948123664017,3.070020371513209,3.029904649825251
98,pop_0,3.6722449268064885,2.870375784243304,3.58329767836073,2.611695291927506
99,pop_0,3.9246564855897885,2.513919466046148,3.0619928434135435,2.6126575866607307
100,pop_0,3.735774889344743,2.6366911548270293,3.261728429029397,2.8232277873869824
101,pop_0,3.7648405522839803,2.417526956933349,2.802385628320116,2.427308868046667
102,pop_0,3.265287735745117,2.852914452739073,2.9091889093242904,2.190940708186134
103,pop_0,2.9295980062644,2.502873575466061,3.0260469926647398,2.760272698709205
104,pop_0,3.3388864392900155,2.4941358803415743,3.4120005751875335,2.759931952072699
105,pop_0,3.812119488264172,2.3950054123518276,2.803591537518176,2.1154376522671754
106,pop_0,3.604840222810397,2.6614896529340824,3.385089508040351,2.757665421447143
107,pop_0,3.144438999545863,2.58131429413202,3.264227519431139,2.7679398215864146
108,pop_0,3.446686677158339,2.1319001454601714,3.289118169597363,2.4249225940517958
109,pop_0,3.630692999856778,2.5484594897097894,3.055699510603302,2.6571926662058365
110,pop_0,3.3936212162561796,2.58903915519145,3.164067086634438,2.738257764747078
111,pop_0,3.983145036960983,2.432627073776618,3.456197365762464,2.7477407116095853
112,pop_0,3.4416909889121614,2.6756118182524156,3.0235867333983326,3.1462793582200708
113,pop_0,3.756203267893123,2.518992369085655,3.088228721314199,3.0088432069040065
114,pop_0,3.468285112406067,2.857205231530987,3.3061449892579144,2.5137192103080936
115,pop_0,3.1489530015625187,2.3944452309239703,3.202694238996499,1.720146502847208
116,pop_0,3.544259253650658,2.4345156008134454,3.304439001208643,1.6258359437486827
117,pop_0,2.951368677886008,2.5958788805511483,3.1845371808451985,2.754893913867649
118,pop_0,3.771577141880385,2.4866434037598206,3.4870611514118095,2.6699047250104515
119,pop_0,3.266113432063649,2.796083788908894,3.380140043640439,2.3828597094637383
120,pop_0,3.8656397293253106,2.716827370843155,3.1228638863321874,2.5115091638793445
121,pop_0,3.649650887850465,2.559511610270453,2.673219043698913,2.3500478777429694
122,pop_0,3.685425842617526,2.7108799231569334,2.51520643754315,2.6573830039005903
123,pop_0,3.5560626244083715,2.7236064057827827,3.024320776778322,2.832749729784986
124,pop_0,3.6561596908762866,2.407380881040091,3.230491620414706,2.589371547053922
125,pop_0,3.0900052253807653,2.5097177896635996,3.177130353271059,2.1682554524726307
126,pop_0,3.1853548344319846,2.4455678015203643,3.427001007212284,2.4163107737420493
127,pop_0,3.7354289663806384,2.3551998054901366,3.210250069832834,2.2506380129646963
128,pop_0,3.3319772678494273,2.589243899260719,3.1371901286506327,2.8792343039378103
129,pop_0,3.5219953752654507,2.676616108200859,3.422020737472197,2.640483770598565
130,pop_0,3.5022358497621955,2.4770330738995407,3.4837444704969043,2.629538326973197
131,pop_0,3.653329574388008,2.5286931593861697,3.2745469751737635,2.8903525724676045
132,pop_0,3.0318422072631885,2.6389821720552233,3.1549722670403693,2.433386521074517
133,pop_0,3.6884894229863305,2.8085270189321876,3.4152233360213597,2.427111001061615
134,pop_0,3.5519470069561874,2.1122255762921163,3.187695781070325,2.8047895044481503
135,pop_0,3.2606464598486866,2.688288114131228,3.400225120189761,2.7455995594481104
136,pop_0,3.39028368195835,3.035428876988392,2.5188854437549395,2.810084768948971
137,pop_0,3.093877118796291,2.8813878806286355,2.9748777789780227,2.643256171488233
138,pop_0,3.1150375718162273,2.4612424403648117,3.5265815259848177,2.9422243828568626
139,pop_0,3.0280550284686045,2.7965334701044378,3.2962826360098547,2.74208327801715
140,pop_0,3.337219708436041,2.764197968782242,2.9730089198566634,3.1779235161310635
141,pop_0,3.4271814515231647,2.7905199116926505,3.5001093303229855,2.8973923580587324
142,pop_0,3.754604452300825,2.8528926578410227,3.5416249649990617,2.0569829829446826
143,pop_0,3.837244251794996,2.181300105710478,3.3242765239927996,2.141457063570243
144,pop_0,3.658567280944292,2.6332684417291206,2.985563059934494,2.871848975646612
145,pop_0,3.257216872594577,2.8131750855020696,3.0773632824762327,3.006565140284293
146,pop_0,3.4756812429652646,2.5106405283489517,3.4744137415350944,2.557392759379525
147,pop_0,3.723817958353,2.528865068576862,3.569181736014362,2.6179661155719356
148,pop_0,3.179105496532676,2.7134277740076147,3.3235118434037965,2.9607976950479973
149,pop_0,3.2793424410654906,2.778269112309677,3.059992853903899,2.636209820822966
150,pop_0,3.7190867869548314,2.859319063275257,3.8752744408079365,2.2762981506279454
151,pop_0,3.4318472152761004,2.448940860008886,3.33504493124307,2.8843444144973125
152,pop_0,3.237838192066068,2.4372839993352233,2.8356904903057285,2.7867177224563955
153,pop_0,3.24684775500416,2.5871332460898775,3.469500314130062,3.0522223697653943
154,pop_0,3.244439740365662,2.861421689742439,3.349961496076464,2.9211831331873124
155,pop_0,3.651968910785815,2.442975248608842,3.024404564614821,2.4454959924966233
156,pop_0,3.2833313827521513,2.701221220104312,3.30562460428596,2.6221899528679375
157,pop_0,3.1550828132073327,2.795432525118126,3.3945290999190756,2.6784524329528
158,pop_0,3.223185753652009,2.368704880551,2.8178303408866046,3.1048636484940304
159,pop_0,3.2477163961890727,2.686842310727742,3.2968731525763726,2.759420868678626
160,pop_0,3.3789384686850745,2.163462427955139,3.2571683018657254,3.0369577852751677
161,pop_0,3.3644109662560493,2.6704570447924048,3.452939913744269,2.730123303433173
162,pop_0,3.388515127821731,2.447651368626619,3.243728485141419,2.7736169824087864
163,pop_0,3.4572417541209726,3.0537931880118308,3.0690076162980016,2.5016640995442407
164,pop_0,3.7069288606884383,2.499424324577342,3.2805923211987817,2.7923223392165433
165,pop_0,3.5289927839292963,2.1943485451358655,3.070246766237831,2.539979445322145
166,pop_0,3.623297934813121,2.5142725072819454,3.666094010744792,2.7120418686066285
167,pop_0,3.0514110896608573,2.6328780885537895,3.5023453544477836,2.7970420805188594
168,pop_0,3.787698799976535,2.945648325657556,2.85767138750337,2.492306605815235
169,pop_0,3.4628395432239687,2.179756687337048,3.1343785302173055,2.7087138907071244
170,pop_0,3.112948062173867,2.890108081909756,3.0111985684952036,3.07169585297717
171,pop_0,3.5328740436625607,2.9056675469437505,3.1738714342128285,2.869840581319017
172,pop_0,3.5398894922478417,3.0328027495105814,3.3856406964716146,2.1683273380872925
173,pop_0,3.5517600582892044,2.4702353491655176,2.8133919096298747,2.2025041978869573
174,pop_0,3.634875250775254,2.4790391564449297,3.1632345921107765,2.9383311761806827
175,pop_0,2.98045824036439,2.6909420828947908,3.676355016118492,2.8508367272597357
176,pop_0,3.2741821420788675,2.5321084875070925,3.207031926322387,2.8417875685332827
177,pop_0,3.696906338512238,2.508172866080488,2.87578230986629,2.9309755199432312
178,pop_0,3.288681540702263,2.6514058661988607,3.2638415405786634,2.9476062375449406
179,pop_0,3.3953247347381312,2.9929581422737637,3.1874498744952144,2.7928740842938193
180,pop_0,3.460791833669914,2.7214710763074423,3.103674455066853,2.5364566120704524
181,pop_0,3.731132148688416,2.4827678497375896,3.2739833683454314,2.8917949803805127
182,pop_0,3.761376946565856,2.599440362350381,3.107742584958686,2.397627522017637
183,pop_0,3.459861647264262,2.5200928303202015,3.3327757517195797,2.5081089666599077
184,pop_0,3.583669060659485,2.493064404103905,3.145567296656445,2.9678070355991313
185,pop_0,3.433019825654012,2.981407739631977,3.4123655273840217,2.7771339540075672
186,pop_0,3.1283386840557417,2.781661475436002,3.407871072634281,2.926413445216313
187,pop_0,3.1889872458255244,2.8206723571404955,2.893296978654647,2.7186992557411056
188,pop_0,3.6359321350757714,2.9077569930077662,3.258757481660534,2.828012843631133
189,pop_0,3.1877476994999903,2.421198286527835,3.3353592684152025,2.4268339848851963
190,pop_0,3.607398089088609,2.524357674805511,3.693031088024969,2.613060585663086
191,pop_0,3.793898086979324,2.361999163336752,3.4238256853488505,2.86886503615841
192,pop_0,3.4792268338044896,2.5219817652583205,3.164960897235791,2.2774400244275044
193,pop_0,3.609525797563685,2.5581565823804286,3.0063568996468844,2.7431901377386168
194,pop_0,3.5526415537654543,2.6949425324141645,3.034791654728495,3.021025440988429
195,pop_0,3.8471092604942787,2.615237009844264,3.054284721289601,2.892934456667192
196,pop_0,3.255332790770372,2.317377765205688,3.066393191644292,2.7359505782696827
197,pop_0,3.2258705946393693,2.9268295167052436,3.114777431061676,2.7295358980834856
198,pop_0,3.283762306290398,2.6865713072834674,2.9301403323265798,2.6499880208299516
199,pop_0,3.6350690292095114,2.6428543801483793,3.4965534346144196,2.330277786398755
200,pop_0,3.3070629100156426,2.468454937072104,3.160943893632974,2.5045176880754014
201,pop_0,3.0955570821273604,2.669695489070216,3.323987355035028,2.2799427315927154
202,pop_0,3.210476040640682,2.701882687773853,3.480011317572278,2.3953267757125283
203,pop_0,3.4749039267270465,3.0375139139711953,3.3318599967848987,2.3121341293691136
204,pop_0,3.040622343896883,2.849706348775735,2.8120125935595186,2.6235615822602534
205,pop_0,3.6572661087875704,2.7164243945022846,3.037574702453984,2.3730335463167904
206,pop_0,3.3102221969958534,2.7986619252256104,3.085306446956644,2.589278010678703
207,pop_0,3.4235764312202805,2.4601270856564748,3.302383012039978,2.3829829469743493
208,pop_0,3.1980717230429585,2.485608939505757,2.8943600258586635,2.797790394955587
209,pop_0,3.3421961743646857,3.079701007918428,2.98438760895751,2.906880178508202
210,pop_0,3.8282053537414633,2.7516181112667155,3.2056856339649884,2.4268156336166786
211,pop_0,3.4030604654503014,2.242657554767654,3.360754252150174,2.215630151179182
212,pop_0,3.1324981484973384,2.876541293828384,3.591531690962489,2.923221526581269
213,pop_0,3.3117436175503987,2.6247845124113613,3.3658596397514526,2.791171273328883
214,pop_0,3.345023680731723,2.7950734039849814,3.4071347957374174,2.482990171133304
215,pop_0,3.4783301631059915,3.0528982684557575,3.2929387595366486,2.36675294271484
216,pop_0,2.954989638663996,2.855417399087943,3.2114607613535218,2.4177537636970095
217,pop_0,3.506634190376894,2.458681246554801,3.0630745909440678,2.5926195727796184
218,pop_0,3.4092554007598044,2.721006995989145,3.2293980603422328,2.8355899672937026
219,pop_0,3.3582104866947384,2.6369656014262666,3.036535798922807,2.9967004780066606
220,pop_0,3.5931740023588863,2.349558292113702,3.1638937686584376,2.737414056699628
221,pop_0,3.5872293580031736,2.4600078732519783,2.741834864966721,2.7323142475040916
222,pop_0,3.3439092380300917,2.634636315457832,2.9129599003759257,3.2171007632288555
223,pop_0,3.450373652390628,2.924653118895284,3.5773137663025,2.4861235224883207
224,pop_0,3.7140115426248,2.6621140596628474,3.383028564458955,2.3206547473831685
225,pop_0,3.7727688717895624,2.1427539254581776,3.1523929253297482,2.1945552094070924
226,pop_0,3.3279942601229466,2.5164739465542763,3.6877661598956597,2.594533885916658
227,pop_0,3.751718629665681,2.6804989957512015,3.1951369538025496,2.6596821319572643
228,pop_0,3.2015755422733845,2.530754981887976,3.364194143614018,2.7558110171785803
229,pop_0,3.5210833369217465,2.5608913270412645,3.059701045079441,2.6426641144722702
230,pop_0,3.685641533847974,2.172505286769488,3.4749488516514218,2.924338643211478
231,pop_0,3.2426343044501698,2.9966264161193705,3.067784542904522,2.5976352998219667
232,pop_0,3.2263912078761,2.618437567100245,2.5403422224502212,3.1645755911983664
233,pop_0,3.6962007339716845,2.783100945623833,3.631409170966621,2.7443666263270923
234,pop_0,3.513559865578619,2.315403712081139,2.9023721765782327,2.2466175984860626
235,pop_0,3.76929982321227,2.807352579494156,3.379768731438978,2.3617025684589508
236,pop_0,3.663551343521245,2.5736164450721954,3.493955561527495,2.762445330811692
237,pop_0,3.1780699665050367,2.663926986908951,3.4215690538641854,2.784698570568718
238,pop_0,3.382281799027112,2.6218671796453665,3.2216105854697483,2.870728682369671
239,pop_0,3.458461163756638,2.6723865426379336,3.858754874059604,2.7886404568488086
240,pop_0,3.372188278864454,2.8001054948058934,3.3158835891732763,2.5732241184918037
241,pop_0,3.2640615633285512,2.3525419862550923,3.1368345858871787,2.6431753678651124
242,pop_0,3.1624124296426817,2.584467945930725,3.43277668266269,2.710988046030337
243,pop_0,3.37835201898543,2.496356413550094,3.4368581406720833,2.885876820029905
244,pop_0,3.4158451700751593,2.9605094177155156,3.2981081367162663,2.888196804446733
245,pop_0,3.616439208769474,2.5039783610529684,3.0674173705907046,2.7865264579191202
246,pop_0,3.667245029865036,3.107308791738673,3.3979185759010613,2.455210466984587
247,pop_0,3.570746811595679,3.097402651476991,3.1673295701364834,2.7745695801906285
248,pop_0,3.1912552370964384,2.7578675664846615,3.325132019786393,2.9470468584251144
249,pop_0,3.5967891023081306,3.1692348900164466,3.278252517677953,2.355094990121368
250,pop_0,3.4318993019050588,2.4095396789401518,3.425363730505563,2.78185652084173
251,pop_0,3.5577057921767525,2.4816662637883287,3.011971953274775,2.6754899125349927
252,pop_0,3.713027283558549,2.4931500998317317,2.8373386809433145,2.3418405256665835
253,pop_0,3.606083071635468,2.7210189569050898,3.018670519234707,2.425585936795415
254,pop_0,3.16728159636548,2.6398402424221485,3.1536853910978984,2.943404938219168
255,pop_0,3.496745040608274,2.302457615918901,3.6057605575808864,2.670949864569334
256,pop_0,3.29319085714558,2.9519105058138946,2.895635036401646,3.0269707090779607
257,pop_0,3.3735448202007414,3.164314691302512,2.938563288811831,2.5198477426984507
258,pop_0,3.141419677291829,2.8964369817504885,3.4307576149710277,3.0209460961905044
259,pop_0,3.0727578621527334,2.390696846697198,3.3971166670160735,2.709496035223523
260,pop_0,3.5824015697138045,2.4858758528715637,3.6485298868637788,2.4689230948630994
261,pop_0,3.4947205840073696,2.7051462679228564,3.2195900125669557,2.506200356673236
262,pop_0,3.657203686292334,2.381280727409365,3.058269154357601,2.5744762401365775
263,pop_0,3.168269072884098,2.680918161793383,3.3224161781724937,2.8532228872224668
264,pop_0,3.437638750879707,2.3674648243553253,3.3677071532816893,2.7501421309397
265,pop_0,3.332039110439698,2.2992866102707836,3.34216960432795,2.4518430587611584
266,pop_0,3.5996823633343435,2.8981107897652505,3.4151954975777152,2.6896811638227582
267,pop_0,3.202099773854272,2.6786736853844304,3.343358571429879,2.772242338186567
268,pop_0,3.032164683739527,2.4777299648863185,3.083647846405951,2.4980069128618996
269,pop_0,3.3540903425257143,2.9101162654616797,3.1523776055770374,2.6802525682621434
270,pop_0,3.301432011528489,3.028801867022175,3.1304876806575157,2.603462450374896
271,pop_0,3.6191807215600287,2.659818514910468,3.3064436839684106,2.6411478844403122
272,pop_0,3.564385950298114,2.5677254027255096,3.594356304544991,2.606639902439445
273,pop_0,3.7483386152295717,2.0858338661987905,3.2612150892860905,2.627715328327647
274,pop_0,3.7289447439343064,2.6060970343006993,2.8620245389220544,2.3921797541816923
275,pop_0,3.3808375302640763,2.5600574588455967,3.5229584027868155,2.569074307931435
276,pop_0,3.306152029038813,2.8769849857959593,3.1271445524449084,3.1396501655545017
277,pop_0,3.399294085384879,2.5164818644659848,3.5357220813655044,2.5445993557919255
278,pop_0,3.191824518467343,2.5717823525059735,3.3304953387303153,3.154096445106335
279,pop_0,3.7359337181679977,2.5468169082133554,3.818904675607671,2.302648823187855
280,pop_0,3.2186382440624577,2.8728565133316755,3.265505495967798,2.387635023444511
281,pop_0,3.0109568247035594,2.4784600738201163,3.267281358802387,2.559896904120011
282,pop_0,3.908339699555862,2.503602163913182,3.1061804122198713,2.277711648202556
283,pop_0,3.477703821717436,2.7528264019045183,2.996201170884409,3.166769360327054
284,pop_0,3.4821457031661662,3.1584685277541285,3.0227070577563953,2.31049284602489
285,pop_0,3.450851416741213,2.808323200485457,3.5770286779333613,2.6748462527466534
286,pop_0,3.2267974715057997,2.6076475199727165,3.2645115744144166,2.370863555490031
287,pop_0,2.943978260099177,2.7848938732681954,3.2118450801883878,2.4494528086749927
288,pop_0,3.5854894713020866,2.9560039448134203,3.5925598371346936,3.087150581155402
289,pop_0,3.4021647098353585,2.6786328101995975,3.4325709536593925,2.845129227919759
290,pop_0,3.6106083047115898,2.6628465841495843,3.0757288216579974,2.305782574445225
291,pop_0,3.7007482393129356,2.5313767313007216,3.48254412625514,2.271481182595001
292,pop_0,3.662543095557666,2.91261914457581,3.098938433049009,2.8554098439608393
293,pop_0,3.0988037224322293,2.908038425343108,3.338651856203667,2.95966370185582
294,pop_0,3.722713786610801,2.3954842136134813,3.280060331426503,2.3386666443220387
295,pop_0,3.2754018953113966,2.4907338400339665,3.1755064447508996,3.0543855174689583
296,pop_0,3.5053704037664044,2.6456210815221977,3.126571781808414,2.767498805427385
297,pop_0,3.185514346322113,2.5148450736681425,3.189301947441668,2.908171600732709
298,pop_0,3.199190405645004,2.4065134664337555,3.424917462189142,2.52927430327647
299,pop_0,3.3247493680171765,2.37442134333924,3.675765453796362,2.332152275916444
300,pop_0,3.9897379595441325,2.8059276904689257,3.2070804052224053,2.6404542063414773
301,pop_0,3.4643317713941744,2.786307448519699,3.243196987328928,2.13156362044339
302,pop_0,3.0882112527282546,2.7838644825066243,2.9869502108646317,2.8574598511326768
303,pop_0,3.5682520698319493,3.0579602549407983,3.068039679285727,2.439826035956967
304,pop_0,3.139090481684223,2.423501515321413,3.0489730842288822,2.588082246890357
305,pop_0,3.4251472640723235,2.4932056948684242,3.5556615952693567,2.766248573342002
306,pop_0,3.0387895233465,2.9128050591927224,3.096368434984372,2.6859711359274883
307,pop_0,3.428570288935275,2.8759679848270134,3.2372723469849083,2.2092661193278635
308,pop_0,3.390179570407047,2.6096022707730633,3.446911885422741,2.6514302490011867
309,pop_0,3.70577019702685,2.688110392638978,3.428708448156478,2.6861058199179255
310,pop_0,3.557112478783563,2.2496113545178176,3.326256637506095,2.486717405194977
311,pop_0,3.419590536422143,2.5650294672581495,3.385242965080971,2.4344113659834883
312,pop_0,3.049213845155673,2.896119242852747,3.1510716292535443,2.390099729036014
313,pop_0,3.6728613885222914,2.1603924610049376,2.976711229897483,3.0812211691118314
314,pop_0,3.004750522808675,3.185952975141057,3.22954700204995,2.876026625929969
315,pop_0,3.6739730210531345,2.2159646407857627,3.015312817714336,2.801578374298961
316,pop_0,3.224125388885754,2.5202492041856948,3.3379671510831193,2.451486012159258
317,pop_0,3.876877624697301,2.2072056525865342,3.8346455551832106,2.9526048067077566
318,pop_0,3.3472225862265237,2.526033020857206,3.0081445445519095,2.3614443089263575
319,pop_0,3.730815252249821,2.0313276430908997,3.2841325166086057,2.33285335594581
320,pop_0,3.2205252241635027,2.50697003574463,3.4426828563263623,2.674728807466792
321,pop_0,3.601327949525761,2.5932205262104016,3.2880345230476125,2.6288290562180756
322,pop_0,3.2238641367775314,2.565199495118887,3.2652411017572183,2.920190046706871
323,pop_0,3.8639637402449796,2.6943159620693353,3.387801272074156,2.934703606254654
324,pop_0,3.661377742946668,2.6334070648196413,3.0992537661793604,3.080370129403649
325,pop_0,2.901494928468163,3.0296964964941218,2.975041565172231,2.497015911603598
326,pop_0,3.698621347975637,2.504724067143356,3.3366143936709913,2.2075308283306474
327,pop_0,3.646524591654484,2.510558861772183,3.176460264240966,3.1067461245045065
328,pop_0,3.6733192788108573,2.6831788921132733,3.407843564689596,2.769129090787858
329,pop_0,3.560889561062408,2.831879778044593,3.5845160373503733,2.762172945867528
330,pop_0,3.518346430503789,2.7541715130942683,3.314721065661259,2.789081497496279
331,pop_0,3.329356768575898,2.9090682514102397,3.0949042698078304,2.816415309535735
332,pop_0,3.9150168780387182,2.4619982315992632,2.8938430858316093,2.3202761007842727
333,pop_0,3.359590531592426,2.2150681399622485,3.103084059921309,2.621212799179713
334,pop_0,3.536346967834525,2.478274650615191,3.435908723769129,2.4997304101485462
335,pop_0,3.4985985803742867,2.5878114315514043,3.200974311529144,2.917216018495668
336,pop_0,3.468746612964256,2.3194476290261448,3.333029229787581,2.902114202176971
337,pop_0,3.6518688398921166,2.8735380103065857,2.9478034720002126,2.9198741310120417
338,pop_0,3.4762864257271597,2.5720423996146824,3.48533834319309,2.6171128346288652
339,pop_0,3.583515319758105,2.1700404738932586,3.1891923494781174,2.538980766518958
340,pop_0,3.1333021667111143,2.6781371681336084,2.864318779354735,2.4102609444082828
341,pop_0,3.9335480113431163,2.195997064261233,3.0854981764334384,2.8367122827134743
342,pop_0,3.8421087062798898,2.6942726368561956,3.2207783074630445,2.9461041305103266
343,pop_0,3.7557491348547503,2.9110389367543235,3.1491107553148328,2.39048967412573
344,pop_0,3.3668040771045282,2.782410280923688,3.4459124331043367,3.0549882368492685
345,pop_0,2.873702278676617,2.81206384074587,2.9655717846895557,3.019982263176675
346,pop_0,3.47665899763299,3.0710760644799837,3.117863157372513,2.5153546679472663
347,pop_0,3.4242260269767892,2.946833558238353,3.3382959114798747,2.7247019162176804
348,pop_0,3.3512136332846603,2.300401240663081,3.015777862255214,2.5806915437467395
349,pop_0,3.396020194440545,3.1725345472278597,3.2535650196480526,2.5303768838157406
350,pop_0,3.568528544029419,2.789275309312484,3.750216799871035,2.373870958193675
351,pop_0,3.456491165547748,2.6740015565026476,3.5430396596258653,2.28874247263054
352,pop_0,3.1560530143644425,2.6874106177635557,3.5098125153521034,2.517201574350518
353,pop_0,3.0293535959247184,3.3233235368399647,3.066743266640916,2.524638371523869
354,pop_0,3.1121503242040873,2.5723432864054607,3.178767187406098,3.251212227693928
355,pop_0,3.6244038562498684,2.4287568507615385,2.9728878080000185,2.4458338794940526
356,pop_0,3.0216927599049357,2.9498743475808222,3.0849996807006836,2.2192518344803718
357,pop_0,3.3407685846524378,2.533214151077292,3.4993365088457313,2.549501434185001
358,pop_0,3.285908847944254,2.6772335720701887,3.2219320886315144,2.7026797537073413
359,pop_0,3.9014954082519866,2.4242130456960056,3.480306558722667,2.707616394180913
360,pop_0,3.741551235181564,2.3988865659601477,3.1337119362047257,2.2354165265405412
361,pop_0,3.4021868436229052,3.069746126812492,3.477648021353789,2.4066318197416856
362,pop_0,3.5055172622372432,2.255435694445629,3.0561974056869556,2.899804519085238
363,pop_0,3.609160897568909,2.548138954484596,2.9134348806733446,2.156998530598046
364,pop_0,3.5699975256655487,2.6652083404286784,3.149402434068003,2.7718629225434137
365,pop_0,3.404470723203749,2.639110032744999,3.1182530400418513,2.9096805206486915
366,pop_0,3.4083551510181715,2.6502147976938866,3.6395485861925163,2.623130137920037
367,pop_0,3.3112132404647685,2.580679820032229,2.772528149364845,2.8642053822088145
368,pop_0,3.6252344288920186,2.5315526570001685,3.4719039108156027,3.027245565173071
369,pop_0,3.3721242532926974,2.7733966865959356,3.5408402411752427,2.544436151683897
370,pop_0,3.4278497298529453,2.446982273538367,2.9127831505515314,2.807563156926388
371,pop_0,3.4658838857188243,2.412958754817071,3.51090592446797,2.834653086822363
372,pop_0,3.562405827992765,2.4303338813870874,3.231578813216055,2.577637829310166
373,pop_0,3.2734191420893377,2.81492228183862,2.7949002938478262,2.446693803093405
374,pop_0,3.6808931485862226,2.5034157801492527,3.3085184738993267,2.3055966440886424
375,pop_0,3.095179849581113,2.7813383672060525,3.1903184652069565,3.16440318909297
376,pop_0,3.55556189628322,2.432202566249166,3.1722450840086407,2.908208376406622
377,pop_0,3.2239858496021623,2.4931549325049174,2.7492603207622857,2.1256874619591715
378,pop_0,3.0833731948503353,2.6287801268278104,3.1579423223532697,2.509811536254329
379,pop_0,3.420537150411206,2.41679683274414,3.361282229302845,2.6933249907800865
380,pop_0,3.43361047125907,2.364566496299142,3.183498758809423,2.816887515862316
381,pop_0,3.5531866535858816,2.834244562982064,3.2926532171835543,2.9832823844405962
382,pop_0,3.2543481594447665,2.7376882482037472,3.0729623524643523,2.5427669383679086
383,pop_0,3.5229411081547397,2.771367847936144,3.2851893960342156,2.4904831057558323
384,pop_0,3.4854500993676307,2.8615839820498077,2.8960242507143166,2.3752676569360003
385,pop_0,2.847841772428643,2.717804783736833,3.2688605160637874,2.6648321330795577
386,pop_0,4.060326317748561,2.1241964807622686,3.2524270007727436,2.57146399788347
387,pop_0,3.544764114508773,2.4791411055848083,3.0558814199278004,2.2545775455300485
388,pop_0,3.1947531702955017,2.4077807336105903,3.6565444017276563,2.355246838256047
389,pop_0,3.605974033182874,2.313527221219166,3.310499943689967,2.131698243401648
390,pop_0,2.926898214115549,2.796812259221761,3.321664377695053,2.5049031403763053
391,pop_0,3.365977946001814,2.761910282314826,3.150287310162314,2.8236572799224593
392,pop_0,3.643832692601369,2.088280931980995,3.0236313362359555,2.4957486899199495
393,pop_0,3.3293176745040944,2.803518553980613,3.3155431530352,2.8802300432125523
394,pop_0,3.3283183042908226,2.610931174092696,3.2843451414206473,2.5092099215548203
395,pop_0,3.3222232453821476,2.501587910253987,3.8524488868226636,2.427644708125313
396,pop_0,3.4715295664206693,2.7899666830641054,3.251858617787933,2.476911777119315
397,pop_0,3.459766895496556,2.553178588211082,3.104976646391687,2.8113889180762497
398,pop_0,3.486215994812995,2.6858345294602484,3.0858337846847137,2.4758945819133333
399,pop_0,3.5451259438010156,2.4740475865085596,3.0593071048205727,2.7036497540685693
400,pop_1,3.539215228779024,3.177985609408053,3.0435376124009155,3.507709711084213
401,pop_1,3.7743169789201096,3.601415805825582,2.8239777707652154,4.267342919880407
402,pop_1,4.380231706104365,3.117367795486646,2.6279163171458624,3.0897591851138753
403,pop_1,3.9950160852710117,3.4615682724461827,3.0841179887923476,2.9855221526866385
404,pop_1,3.828648041735183,3.098984445880059,3.237184963779554,3.1992985970952046
405,pop_1,4.03694191186595,2.9133849788712554,2.7644448650332967,3.60426364448611
406,pop_1,4.167858548717342,2.888125930880673,2.726035678783398,3.5146332502157653
407,pop_1,3.526464877425668,3.2965321963620595,2.583473924532871,3.20734470131451
408,pop_1,4.05479015580397,3.374785508775107,2.769595044706301,3.3678686953776302
409,pop_1,3.753911072961731,2.8554090018876197,2.898235158324284,3.5374900678121954
410,pop_1,4.348796319799799,3.1282544635987763,2.919318548391129,3.153023948445146
411,pop_1,3.66940200711289,3.158430395762478,2.747601639241259,3.4621979707542025
412,pop_1,3.3570514419883,2.8110018118014697,2.389016630710841,3.6010979089521555
413,pop_1,3.6384420205726804,3.00207259423151,2.858509173030528,2.965356308733936
414,pop_1,3.7878768587986626,3.191916667963193,2.5962555388557216,3.512198707178616
415,pop_1,4.016140643314625,2.6149514082374203,2.8058211160337616,3.6728041200397197
416,pop_1,3.6816243162083864,2.923289307933706,2.8595826220481078,3.2428759141847454
417,pop_1,3.666956798196981,2.8056064538490526,2.8586809468743155,3.6044989382409462
418,pop_1,4.0843175852626885,3.261395990729986,2.7959048242209485,3.401777459462442
419,pop_1,3.4256513991845203,2.7460195911295835,2.727923850775322,3.2349808207445996
420,pop_1,4.095755520242756,3.5916579779509576,3.090150548618456,2.786918047755893
421,pop_1,4.3471909059659275,3.2545779449257366,3.217929006528601,3.260526366218114
422,pop_1,3.9171138955070743,3.3226655867065324,3.1046999585436295,3.374614925944234
423,pop_1,3.9416117297151914,3.0287876766933697,2.9106742783842328,2.9764112253142665
424,pop_1,3.928422934505802,3.661064812208382,3.0473257205259516,3.33984415393288
425,pop_1,4.041145518790638,3.0242899043880596,2.982727996521165,2.846532624273291
426,pop_1,3.7432655515663047,3.4168738902424316,2.6580666024563957,3.3966044379508915
427,pop_1,3.5336606918317703,3.324575884325296,2.971769766930685,3.556181020218434
428,pop_1,3.4607114510527874,2.762613943308913,2.866178351677639,3.3111439081394036
429,pop_1,4.124922957252563,3.6584219286939677,3.427552694096627,3.7291674271539548
430,pop_1,3.9845914750211158,3.016434039090667,2.633278117656034,3.606221295056731
431,pop_1,3.7013895586806895,3.3240032146755496,2.699056237730507,3.4615303397701283
432,pop_1,4.28667998506972,3.1488182733689865,3.1933289776741764,2.9636479127827644
433,pop_1,4.298319580239427,3.4172054036992003,2.891505205609347,3.217566564358731
434,pop_1,3.7082978577837835,3.5741977533577924,2.629679753951954,3.4263106768433955
435,pop_1,3.9251577870839744,2.8220758801064885,2.793377951550094,2.8953442436153103
436,pop_1,4.1191499061816765,3.5030216895213835,2.7062282780921247,2.8273997782661975
437,pop_1,3.8469179419817108,3.229279653927101,2.713375490443561,3.183373657113369
438,pop_1,4.58754165072129,2.7049705623357614,2.7826477145128945,3.0930440622384796
439,pop_1,4.113480180853859,3.0609144703969022,3.1608832879008313,3.607557001913005
440,pop_1,3.8848607709304472,3.3717163767733007,2.6087519651437856,3.4940923649185347
441,pop_1,3.945168443172885,2.8347514731816688,2.6033363982754705,3.1323570773397376
442,pop_1,3.6860132473438227,3.183085461240895,2.73480880583466,3.5116040540443705
443,pop_1,3.1748226061320546,3.0782784789860473,3.038540998336735,3.4930401949657117
444,pop_1,3.2344626552595046,2.889802887934516,2.9228116202873453,3.1369508513223616
445,pop_1,4.556631776466945,3.3494876658333768,3.255464511387681,3.0542967450074094
446,pop_1,4.3436146436073075,3.8307573255164,2.4235712833647742,3.035884124627556
447,pop_1,3.679973805249853,3.6354993950337757,3.0630728510070395,3.376720053135986
448,pop_1,3.805709579810664,3.3538515597723517,3.1576638287408625,3.6472482244160656
449,pop_1,4.122165466927183,3.038272661880699,2.437582610916226,3.4390584923798135
450,pop_1,3.4884143779403876,3.079312354082478,2.884032328909593,3.267840241856852
451,pop_1,4.012344382283601,3.3645390691105077,2.947866981820221,3.3384080351233174
452,pop_1,3.796292462811055,3.405763470764312,3.184247774895737,3.397317151684461
453,pop_1,3.884621606200692,2.9878674700352206,2.967440498267147,3.808031095246826
454,pop_1,3.953069192840735,2.9009789504200616,2.6633437564469777,3.382004132953951
455,pop_1,3.659512393549111,3.307404285607873,3.0017466743034342,3.360814662078613
456,pop_1,3.5380985243676557,2.837622612422119,3.1055634302403514,2.8804530158909243
457,pop_1,3.283288417679985,3.3399706259124597,2.9887938711299875,3.453994576382937
458,pop_1,3.4373397210279353,3.0344735161919023,2.996424082128253,2.8782225821716074
459,pop_1,3.90454949766367,2.7906963224661627,2.7705405446678064,3.0318542353249436
460,pop_1,4.0175062193037565,2.9998208743249,2.8453945495132187,2.978879794082649
461,pop_1,3.460679923540079,2.982499765937516,2.878362279556909,3.0238412915542896
462,pop_1,3.952947229987595,3.0631412250649475,2.756698817722293,3.4292372289063415
463,pop_1,3.6885031481439725,3.335675100681943,2.8151776446220382,3.5888462862663784
464,pop_1,3.565478856283665,2.6447941313974,3.1006706524508685,3.121368058060394
465,pop_1,3.9567733202998343,3.3807237301198545,2.7311222929230805,3.356358060579801
466,pop_1,3.828498619565889,3.022812282220456,2.4468761006795576,3.808368746926382
467,pop_1,3.759617184610471,3.269935498984512,2.9922274137547995,3.212312258811629
468,pop_1,3.8176326350667296,2.7405838745175877,2.554172006299688,3.1803298319815894
469,pop_1,3.273625157016186,2.62794371866814,2.4967972180124267,3.34708826665203
470,pop_1,4.141797238415757,2.7522235842551233,2.847374910636813,3.4416602195326833
471,pop_1,3.554427670503162,3.0608541064965227,3.1667296600573303,2.5018571638100426
472,pop_1,3.867298324636605,3.7981621141435387,3.1567437114095016,3.4499735383961956
473,pop_1,3.9590379012986263,3.1042043788427947,3.225976448707267,3.3906578520838884
474,pop_1,3.5563711625140937,2.9155581122807295,2.8233416039439208,3.101011071783751
475,pop_1,3.7586549784277796,3.32032049556753,3.2032107476983693,3.314380343888602
476,pop_1,3.8344442753931216,3.6582511019352224,2.9314214007627015,3.898840492437722
477,pop_1,4.017647944033922,3.287847034042326,2.9309446491437976,3.679814528997573
478,pop_1,4.034839202086433,2.8457451782434813,3.1000251588162895,3.363226832698335
479,pop_1,3.877498150502414,3.039842829300644,2.834310414035824,3.765337872260351
480,pop_1,3.523629077890359,3.059122749810946,2.743536057636888,3.2895201545110884
481,pop_1,3.4018242371800245,3.1215281721703216,3.0280885772827224,3.8035688582753058
482,pop_1,4.1611034493864345,3.406008047483457,3.0324082611053815,3.6496343905065114
483,pop_1,4.027433827322463,3.1289513180651025,2.7744892648741466,3.601801329277014
484,pop_1,3.7638189223820384,3.5184658662457027,2.3527300311539783,3.2875364876185715
485,pop_1,4.579547484174157,3.258720342511258,2.9234960474463905,3.430129736899756
486,pop_1,3.5797963254114236,3.569074295471621,2.573773090625988,3.492809001868709
487,pop_1,3.987473762652949,2.9698887138297323,3.3068271687395763,3.1532723619688308
488,pop_1,3.9257660137699615,3.2462083625179483,2.7439568917651616,3.2807545079977767
489,pop_1,4.335760053110006,3.741652740163096,3.1495923656053137,2.9864780519826355
490,pop_1,3.984893406144244,3.620986590998413,2.9051843296964184,4.230331480092629
491,pop_1,3.9475761764250255,2.683573784746866,3.012276794816195,2.992302293890128
492,pop_1,3.9078087353575013,2.7104895075678095,2.8151011196191096,3.142776378936505
493,pop_1,3.8051739671521485,3.25689074865523,2.8588190198605923,3.4955691286873445
494,pop_1,3.7687928585971946,3.420633465149685,3.0321045869425522,3.0444569167289477
495,pop_1,3.8315380167449025,3.3738783036170594,2.71567822274377,3.358498217637758
496,pop_1,4.401808058059158,3.563817348647506,2.9963697923589483,3.4341656374236096
497,pop_1,3.5928321915627417,3.15420892707619,3.2639557326419344,3.2024614252829924
498,pop_1,4.466829839333196,3.2296421799865693,2.827101899128545,3.3158868882684205
499,pop_1,3.754690743056797,2.655018326196863,2.975852781153873,3.5832175521886307
500,pop_2,3.1422965834953893,3.7151079085300034,3.987557174508133,2.5584547857467523
501,pop_2,3.6556736796451132,3.6435263775316455,3.24399010907026,3.1645531718476647
502,pop_2,2.762599089612654,3.6487624412832984,3.4404716186431203,3.389120331316454
503,pop_2,2.9859509665687236,3.590024721989733,3.3557954696453134,2.845417922979322
504,pop_2,2.6836443264327627,3.8348082054174313,3.3142147375831916,2.893533560337054
505,pop_2,3.1059182052575625,3.560229895750909,3.569381899791384,2.8900898899746963
506,pop_2,3.0331459195552,3.9336187675341705,3.244123771477875,3.4174277237242863
507,pop_2,2.9198010788547095,3.8719946557100884,3.5104254068994734,3.0617568425439443
508,pop_2,3.0274970449843237,3.740714649110893,2.9943018383180564,2.6114677050691144
509,pop_2,2.727801884702866,3.9847535890088763,3.302733913015535,2.9493961069505783
510,pop_2,2.6377240077931092,3.8142358850005276,3.0662518823916947,2.6370083495562215
511,pop_2,3.1511769500477897,4.0057095942795184,3.598857699363193,2.937200373272825
512,pop_2,2.7803128114023967,3.3702604094601547,3.4653389673967294,2.619406854414775
513,pop_2,2.7936444958664706,4.0477265781982394,3.285180645605537,3.114593660496979
514,pop_2,2.9480058784616237,3.299854174406295,3.3360714702627887,2.968896454062676
515,pop_2,2.710701108276783,3.966955669619636,2.9743337634976865,2.917365625411881
516,pop_2,2.9506415065247467,4.281397573961671,3.2988101328238173,2.941043800692914
517,pop_2,2.8486377996119967,3.976414605260242,2.795325732638194,3.0148086127525873
518,pop_2,3.2937135027959976,3.959423442548777,3.460447861983593,2.92155945599083
519,pop_2,2.5818209730038086,3.8004797997386923,2.7990086129801295,2.795768652752319
520,pop_2,2.825230549071413,3.9065878357314827,3.4894164138516404,2.653301202714716
521,pop_2,2.954098424015919,3.825393692347118,3.4402492754763547,2.967928838351331
522,pop_2,2.998987340932117,3.466219122088411,3.164875233144505,2.939766808985933
523,pop_2,2.8669966528077175,3.8387831962800183,3.189223282879002,2.6384049367118454
524,pop_2,2.310795117746418,3.422505979520238,3.4670743557328705,2.520824356066426
525,pop_2,2.781593301651064,4.139995625940232,3.491592857398192,3.0970836879070807
526,pop_2,2.5411806367466285,4.019186038393305,3.308557052870823,2.764081423282067
527,pop_2,2.63506753895855,3.4994169471372194,2.8672940468619212,2.745177598591667
528,pop_2,2.781432481915053,3.645629281916861,2.832549985003445,2.621545811080311
529,pop_2,3.0628048999889583,3.8367401106609167,2.979416252429284,2.734900103050518
530,pop_2,3.06414497432262,4.039589242872367,3.2504225766812014,2.6654923813726725
531,pop_2,2.9517061154669313,3.1211511144821404,2.950374750052353,2.8508024543464683
532,pop_2,3.293314185023688,3.749761570268568,3.202702278455164,2.626601838267449
533,pop_2,3.2135554326150224,3.962248938711327,3.62832790179495,2.7936628695369805
534,pop_2,2.770318332122559,3.7008212732665573,3.25594448143145,3.201519341481836
535,pop_2,2.6305380845782955,3.998917731336027,3.4783603804494394,3.3882619617172605
536,pop_2,3.0097817251993884,3.870466392743148,3.382833266747065,3.088639343997294
537,pop_2,2.9407532588137757,3.6894662808336784,3.6484361663973686,2.73144558866241
538,pop_2,3.1795243707642085,4.02673735313422,2.9817159174586894,2.5387828642096646
539,pop_2,2.886511497366185,3.6581100742737425,2.920084506089483,2.6810865222024587
540,pop_2,2.771815371232116,3.7812491736809455,3.0136646281595905,2.981961291638617
541,pop_2,3.4108854577762133,3.8776980037626907,4.03530223510036,3.105607342734856
542,pop_2,3.276056377527956,3.8034788805235547,3.246127381649395,2.7845011991125657
543,pop_2,2.5075099160659744,3.6264639958978098,3.002409900522516,2.568152878787603
544,pop_2,3.2783171522836154,3.606240527800657,2.6821028268278733,2.9094006650730693
545,pop_2,3.1221344658065937,3.7462966714250507,2.85435243094831,3.090763435952735
546,pop_2,3.493810468673423,3.9133674242802243,3.338320681767253,2.949134789521403
547,pop_2,2.9677327760600885,3.8075047293620186,3.049544022395948,2.4940430492967964
548,pop_2,2.5802176600409803,3.5757940416070597,3.3220444519000036,3.027415011875237
549,pop_2,2.712916303653548,3.036784222178905,3.268341906980111,2.9968967317678117
550,pop_2,3.495796094496809,3.7085914468297734,3.2814344873544408,2.3045463465561156
551,pop_2,3.2051118814794894,3.792097202452914,3.4630844762227246,2.4029436778649678
552,pop_2,2.5162176711039264,4.059591525668309,3.000818356960626,2.471382789233586
553,pop_2,2.8527582987719753,3.8130095001079503,3.6548034267061613,2.582958992920713
554,pop_2,3.149937752678661,3.9013349018628505,3.5506907735386752,3.4473051229966245
555,pop_2,2.8587928326211847,3.731320511409327,3.1387512428606525,2.9404903384903323
556,pop_2,2.7814168826214756,4.136644845214005,3.1081151787096655,2.932875941262624
557,pop_2,3.244362887694796,3.4457398349745225,3.3339936410739286,2.277413326498403
558,pop_2,2.5696946332732975,3.52143286767468,2.7419219425506527,2.5084160342506685
559,pop_2,2.681542765725152,3.6714158069607166,3.047464740629853,2.425981857417952
560,pop_2,2.7710449727977693,3.9255327178868744,3.482413230995824,3.155056573706184
561,pop_2,3.1505063099562696,3.50512366072551,3.316775190219615,3.0318908818544226
562,pop_2,2.6686085930772414,3.6485101557270356,3.0299149217643313,3.554261245280695
563,pop_2,3.0567228931674006,3.1589761596996775,3.355360524568877,2.622790684210607
564,pop_2,3.08231167256759,3.821633924622109,3.014278076942105,3.0874747021456237
565,pop_2,2.5772039828692885,3.7388327810096835,2.9803706088322133,2.5225666631735115
566,pop_2,3.1062493327857554,3.7836738706627226,3.5441721474692995,2.710759806076878
567,pop_2,3.128898911662452,4.103846463281531,3.393029669276568,2.6315660218057264
568,pop_2,2.865525055915907,3.8356635310125147,2.734384027281026,3.257022804312101
569,pop_2,2.6636113848836804,3.591478980779456,3.2962587042350444,3.1453889720547767
570,pop_2,2.8818223811461716,3.3957999704910558,3.271532014328551,3.0091702751080147
571,pop_2,2.9392989667647607,3.850189721168801,3.7860636827701697,2.664999663722377
572,pop_2,2.7682508879138736,3.5060871449809676,3.3340434542741595,2.5896288393959757
573,pop_2,2.604527359349875,3.465047779651555,3.553538655759951,2.588916093168878
574,pop_2,2.930835887571289,3.9734949142031986,3.8401168335789837,2.6846166912167884
575,pop_2,2.8828224118630774,3.6109953483602513,3.176782434419435,2.795039325740033
576,pop_2,2.8259728700693216,3.6574454819479145,3.182499930693576,2.7198120354864384
577,pop_2,2.8549473814367436,3.756813047626094,3.12414286076548,3.097608293373724
578,pop_2,2.657972474676939,3.79258409172218,3.047564913107019,2.9437603910143775
579,pop_2,2.8784544451492833,3.610697412564829,3.094681858697553,2.4907696828948
580,pop_2,2.835439953604377,3.7550481497818993,3.722047657637792,2.4314452927319374
581,pop_2,2.912925257303815,3.979315548317809,3.3275123108180815,3.341045992081973
582,pop_2,2.7044549878470328,3.745382295362928,3.571691189923514,3.4004570012507824
583,pop_2,2.92972591380433,3.7001373887920863,3.5189319472604326,3.4975228782366083
584,pop_2,3.3878844041600322,4.03334677128443,3.224052015239673,2.8054289013986815
585,pop_2,2.559065165606198,3.610430208899934,3.339660399863852,2.458330781344547
586,pop_2,3.108103518819028,3.8000838044381,3.207769267586711,2.696662845797419
587,pop_2,2.8676635760284315,3.5902372365488193,2.987901701948409,2.766743968646593
588,pop_2,2.2886060330295495,3.7479787904525668,3.025064958670708,3.184321618221837
589,pop_2,2.845567598631179,3.820395826124735,3.3743247423055927,2.724013094910061
590,pop_2,2.2093007892353835,3.9454467865940237,3.754795500001889,2.748019512250771
591,pop_2,2.99225234585746,3.716736599905233,3.419401764148163,2.8040313836947535
592,pop_2,3.3217513678295574,3.6261245346003332,3.118287158726129,2.898859885883868
593,pop_2,3.066961212442256,3.9698132065290856,3.800678963773005,3.0734448639719045
594,pop_2,3.445171674747043,3.7996012613977643,3.4324537561048967,2.6839508684898403
595,pop_2,2.838084677404662,3.780985120373737,3.0744430307829234,2.9670651797426895
596,pop_2,2.662277174167882,3.8259709694403536,3.0824784752618735,3.0039425253649075
597,pop_2,3.016922646970495,4.200924608847385,2.943170992346932,2.845678912229124
598,pop_2,3.0188127557374216,3.7659579143680184,3.782354632970298,2.9682986583980333
599,pop_2,2.5945599594226594,3.742652472319828,3.1335481764301445,2.9392236813417747
600,pop_3,2.6805498336706757,3.1726137414995406,6.114415511497418,3.408937481618486
601,pop_3,2.781867769485746,3.1176159450078296,6.265944337395256,3.425941643811904
602,pop_3,2.853639875691623,3.117647393097689,6.437998257102715,3.1945280122126034
603,pop_3,2.5071400517830478,2.7002926375439733,5.954900478430353,3.247617617586364
604,pop_3,2.6732935614408,3.5851260295110494,6.382885186062868,2.7663805866038085
605,pop_3,2.8461859350890926,3.5268897083030972,6.613311451345576,2.9397942451953867
606,pop_3,2.7645286865666057,2.920369062072823,6.333148065201013,3.4099727746245887
607,pop_3,2.7070809749088265,3.28208722713407,5.538579414146874,3.4349740922187757
608,pop_3,2.6702712951877903,3.0419642433455767,6.398465297562973,3.0157618544064606
609,pop_3,2.71523578692663,2.7964211885754002,6.400213595876862,3.4796574397559357
610,pop_3,2.884213975591368,2.9581223743210776,6.094722599160807,3.3893626804404495
611,pop_3,2.729616029192624,3.2543709376629533,6.186311846716567,3.524593749963209
612,pop_3,2.500468537324991,2.5909372517082625,6.432634966858888,3.090131022412404
613,pop_3,3.027223773358096,3.098940452799255,6.580351548561368,3.4793800072191763
614,pop_3,2.5353059674366967,3.391524440601921,6.307294598674926,2.9492439399896377
615,pop_3,3.161312054998247,2.9292591092593394,6.252027840784648,2.9991205764723836
616,pop_3,3.038993547697922,3.3470583006478107,6.748412080074515,2.8751130766440163
617,pop_3,2.7750243688166463,2.9668475699419825,6.365829309252897,3.49830060091524
618,pop_3,2.874804787636706,3.0825571988578173,6.510304587773617,3.0633464124528453
619,pop_3,3.0516625587230983,3.2698951426104195,6.388036379230357,3.494769691373841
620,pop_3,2.790648637744397,3.0717251235936613,5.905785350391727,3.7270397399144257
621,pop_3,3.3774175984920163,2.8849703974883476,6.279145301468441,2.8831841307401636
622,pop_3,3.0625883312949105,2.8119796970390305,5.390912107128723,3.6395845688923862
623,pop_3,2.9236606236939133,2.908268409528826,6.026663907668895,3.552586909659355
624,pop_3,2.7601296314400683,2.8168657675380704,6.615482099421774,3.00375675933139
625,pop_3,2.79448499184525,2.8843126436680677,6.060485987742851,3.522448491865179
626,pop_3,3.1448256125361485,3.1584936593247237,6.142077600037926,3.0846841999708956
627,pop_3,2.9657775173816168,3.20332911361443,6.168261963889587,3.2084856679156823
628,pop_3,2.85597157011293,3.1024196825554236,5.934249463778477,2.996021913053455
629,pop_3,3.178945588353111,2.4887995659894773,5.623340254389003,4.27082906273675
630,pop_3,3.1283570120106656,3.064849164907993,6.387313795373669,2.8680447791678256
631,pop_3,2.87605161670453,2.74469154547444,6.041547804836231,3.2221105614357763
632,pop_3,2.7945615114086637,3.1462977762483533,6.1024713835191395,3.462225178262816
633,pop_3,2.6772393376622983,3.2599283922443094,5.8810832179505494,3.3900813307113524
634,pop_3,2.927035355967106,2.604324458003113,5.733288449445868,3.7760146838882305
635,pop_3,2.84835353929752,2.9735279028570454,6.099787538017963,3.6125670548820388
636,pop_3,2.676209945695681,2.6372313117629673,6.062612989165091,3.201119850420511
637,pop_3,2.738583626697999,2.850562272197173,6.03560388829517,3.740868202712341
638,pop_3,2.9027563497526665,2.8541845742684875,6.13237745663366,3.810252614420023
639,pop_3,3.0931162625936985,3.1440741365405134,6.274154565438266,2.9886154962812572
640,pop_3,2.5073773962525436,2.9881704035905563,6.224006683800129,3.337169135308284
641,pop_3,3.1775788633364215,3.3968734718029996,6.531853996409075,2.984357760258118
642,pop_3,2.931810592469444,2.69080653853296,6.200268865119915,3.1576904554465646
643,pop_3,2.5461590762273087,2.993288097054846,5.937351888906647,3.3251473634994335
644,pop_3,3.037357750418738,3.2141888681639386,6.385167687205306,3.2148710770741085
645,pop_3,2.4195756464856615,2.8927906412148414,6.272521672264753,3.6214471647477744
646,pop_3,2.891960975810766,2.974016640192499,5.7779407016225175,3.0940597960694833
647,pop_3,2.884109712631711,3.0216433723063405,5.940903925670898,2.943630347130594
648,pop_3,3.1799947158222612,3.162233771797622,6.375564981057183,3.3477722862144015
649,pop_3,2.7594598725208344,2.99374741503713,5.768968395106961,3.4786857338290114
650,pop_3,3.0062711572619203,3.17014606029273,6.630490745464155,3.3251356399314393
651,pop_3,2.749237214187306,3.053158454923091,6.5529759725159,3.2939715110507564
652,pop_3,3.0490428901196993,3.0419755864016933,5.497396745413301,3.124967035521956
653,pop_3,2.984635700221877,2.9013079181583774,6.479197956181338,3.5244450292181577
654,pop_3,2.7725103381428777,2.890165744601958,6.144313841471592,3.8974743067034416
655,pop_3,3.1819226175784734,2.8887453458670893,6.23153713521394,3.5055126101745033
656,pop_3,3.1225224109384375,3.259905588073634,6.21688562754278,2.8947114227043
657,pop_3,2.8798067746875686,3.2342048769879947,6.578202086075621,2.708796096759794
658,pop_3,2.854067853203038,3.2570216081926513,5.876266675526005,3.4271133778367204
659,pop_3,2.972966626695111,3.028250206601859,6.059136819374096,2.91286514733137
660,pop_3,2.7599299790252183,3.0558680738271575,6.21480694440997,3.4591472995179595
661,pop_3,2.7545637868841233,3.245590914587564,6.454567536012906,3.1407728447326915
662,pop_3,2.9534184729418973,3.009347044226407,6.591193446539607,3.5096991500038177
663,pop_3,3.005973301165765,2.893888419776835,6.254150981772585,3.3622403356778694
664,pop_3,3.1777459658705056,3.07085205535119,6.200622518085617,3.110094755721267
665,pop_3,2.845258168735068,2.7247032600348,6.207493703747127,3.4987663782373835
666,pop_3,2.7396009966060704,2.8327715959173894,6.177337704876122,3.1965804267506592
667,pop_3,3.008047739227077,3.0918736942055007,6.382761163393243,3.1349428077451464
668,pop_3,3.4650071701250713,2.7918667191156414,6.208078490560747,3.5677004626316595
669,pop_3,2.8839078737540835,3.2399820135004735,6.102722631606563,2.822773353832145
670,pop_3,3.248894556330698,3.0088318425790797,6.452852893222646,3.5154515725004187
671,pop_3,3.0119733694717863,2.8877051902754833,6.438596955260455,3.4404550918280736
672,pop_3,2.999761465579609,3.223584683051897,6.188493073361343,3.1178083936324175
673,pop_3,2.813068647158602,3.3252307195466426,6.08648664512843,2.8069092512807745
674,pop_3,2.889431443180788,3.0227506379513676,6.228319726101725,3.1155458946803902
675,pop_3,2.8586486240611695,3.2228350409757347,6.102006772806364,2.9253265570633675
676,pop_3,2.3940187676283884,2.9353476338422544,6.301189383503304,3.700435155087632
677,pop_3,3.353052330398498,3.299136101022545,6.6759145069638155,3.2862879968946377
678,pop_3,2.9312407826513978,3.184995275896439,6.44839516083821,3.0209907072043594
679,pop_3,2.9828519854036815,3.5473212935251026,6.330192512894908,2.864761114491789
680,pop_3,2.8387079420986643,3.4474068180351987,6.440599706901601,3.0641794516202623
681,pop_3,3.1470938464940796,3.300084580543594,6.775981666136195,2.9307772804343664
682,pop_3,3.1055442204558066,3.18393137469225,6.0275682038360605,3.2379418272996294
683,pop_3,2.6751224436064023,2.9796753190524448,5.856989232423929,3.4300407446897996
684,pop_3,3.164505917894626,2.803934288763511,6.60418287457,3.798736681997589
685,pop_3,3.1048797689448238,3.163011391176352,6.357785180345167,2.397428562877866
686,pop_3,2.7217350863910794,3.205998883626885,5.509988272747947,3.071310121947676
687,pop_3,2.7315501818343657,3.0824666415990425,6.341976320703921,3.3546953779610647
688,pop_3,2.9542999543399535,3.001026161404054,6.288501493254436,3.5672163471864033
689,pop_3,2.8837345684276037,2.821759177697632,6.120335432809655,3.73302297572256
690,pop_3,3.0750595762673107,3.0517560646770923,6.197575608024165,2.8382310068610406
691,pop_3,2.7850328359270944,3.0990487802773368,5.742142650937167,3.735572667097387
692,pop_3,2.5164456326837525,2.9653877852061243,6.383980220933298,3.7714119465129916
693,pop_3,3.485136232011034,3.3594040891429837,6.336728319925718,3.2956713325192846
694,pop_3,2.7134938511755053,2.8630752431348037,5.925143605484064,3.8366655680065103
695,pop_3,3.136232630888933,3.110177753995547,6.062480690685383,3.23651377737078
696,pop_3,2.9964077959897195,2.7775155516984995,5.779815572850683,3.5363955429232274
697,pop_3,3.117447540075706,2.889350153174931,6.905567651310251,3.3174867942272632
698,pop_3,3.404238762396673,2.743336058848324,5.842131220306864,3.3654472275942386
699,pop_3,2.8029692504143746,2.807455198374301,6.094355141423838,3.381158851583232
700,pop_4,2.6597928361169783,2.736036757777882,3.229601445789575,4.22696667616569
701,pop_4,2.9095030496454775,3.0293857238031148,3.079580511949638,4.120099772784083
702,pop_4,3.0863766626591813,2.7248320475262653,2.9877103118918704,3.843997987898663
703,pop_4,3.502512899011817,3.118560688416786,3.0546153164346785,3.8890916707070926
704,pop_4,3.008981815291014,2.632134190621243,2.9753938751063314,4.4848605328222595
705,pop_4,3.3429267183215448,2.788903362397219,2.775858401404254,3.8784487205668308
706,pop_4,3.0135142513658404,2.857910664684913,2.7780602076885197,3.9172800731393074
707,pop_4,2.946683273173103,2.9622768527427814,2.9685026211058565,4.008603684206856
708,pop_4,3.001399136937985,2.6887064904678315,3.096525979812926,3.9519429874761305
709,pop_4,3.008882160342503,2.787334539235528,2.683042864158165,4.081201437674083
710,pop_4,3.1322540876083673,2.5754144675651127,2.6834001913426158,4.296529996156274
711,pop_4,3.2751295877571214,2.6280439971839944,2.9002052444432724,4.156018903060432
712,pop_4,2.957346720559617,2.668831957703872,3.490763499740944,4.638798893190358
713,pop_4,3.007733953720811,3.010475481074189,3.1740832879429273,4.039271440352794
714,pop_4,3.0761941089284974,2.9153046496258894,3.005104633325958,4.06970486789354
715,pop_4,2.9731575435372153,2.903699134927243,3.168722430038616,3.8705797333922973
716,pop_4,3.383369939812642,2.38063827363859,3.209530410494544,4.003686367636156
717,pop_4,3.134401544898348,2.7928809542901316,3.6212596200432317,4.194294671847783
718,pop_4,3.055083389373526,2.7954150968223366,3.4241097936555813,4.321996624616685
719,pop_4,2.942321643774857,2.9842558722528896,3.29339218330887,4.078251296902778
720,pop_4,3.032223806939953,2.663258585470811,3.425315429860997,4.122802608845938
721,pop_4,2.900562632254193,2.872909805839983,3.543662958917665,3.9320024584800826
722,pop_4,2.8885527985500454,2.917511661356886,2.9830288525273243,3.640068635210003
723,pop_4,2.9104372963113834,3.088713182756721,3.2304175359353824,3.792273403582783
724,pop_4,2.844871358795742,2.414694228985222,3.2652305556010464,3.9782528056070867
725,pop_4,3.5317137263978875,3.054210865177665,2.528093037388429,4.028853128190921
726,pop_4,3.0464151070278276,2.4936451111877385,3.323731686805832,4.2379098095511445
727,pop_4,2.924722688360611,2.7105260850736324,3.609948577174673,3.9844517690703816
728,pop_4,2.7776303437768384,2.578001653598606,3.6025040191883386,4.0040560480509715
729,pop_4,2.6896007887835744,2.662553986055227,3.460758832253581,3.999138127940636
730,pop_4,3.195197827927394,3.192887584150089,3.3202561954433496,3.7594905278449215
731,pop_4,3.0622555402104292,2.1142939349187793,3.504571996462255,4.192912099746192
732,pop_4,2.9602012663750528,2.880102742065795,3.3321727650340724,4.115385142398063
733,pop_4,2.516540048812234,2.882464857218986,3.4179942235466907,4.275635225116761
734,pop_4,2.956954783477863,2.2708428430168763,3.4432710451662576,4.060416278396927
735,pop_4,3.1205342963513267,2.641185377639331,2.9904707679320826,3.769595302425083
736,pop_4,2.8138308726727184,2.8714873686741265,3.112293798553823,3.925670032317848
737,pop_4,2.662125806551506,2.3940295297922205,3.451008608282917,4.336677867732562
738,pop_4,2.6603319472726437,2.4162910938435553,3.1272345663501713,3.957957299653773
739,pop_4,3.046104380119122,2.8444551104531244,3.175362803325877,4.487336136408755
740,pop_4,2.8312337130582113,2.8777515294706584,3.00114733378579,3.7742626861671136
741,pop_4,2.728486578392624,2.286300877305592,3.6008843375171917,4.158237457633249
742,pop_4,3.2810848810537494,2.4036152826844455,3.46750827629092,4.851234140725306
743,pop_4,3.2852822725329593,2.550798769382364,3.3156308895737205,3.675276327465172
744,pop_4,2.5903660741306522,2.649281582048749,3.2490189112195025,4.138587895675989
745,pop_4,2.7971238458567522,2.557750664359462,3.096475573824718,4.1178035263667585
746,pop_4,2.6989666219828434,2.82053228090955,2.7443830690855595,3.4295870283145597
747,pop_4,2.7691288911450895,2.5807931624094955,3.0172611916963747,4.091076690654854
748,pop_4,2.886140663959796,2.9736102896898102,3.0923522839429096,4.243881389773757
749,pop_4,3.3739988270417043,3.0737796958719588,3.2319833193474445,3.8357112359213916
750,pop_4,2.925578342726239,2.8789476843333097,3.2237803659254696,3.982223162924403
751,pop_4,3.162119051775837,2.7040044220045893,3.025910666167767,4.170825073525196
752,pop_4,2.9337633109902623,2.4091715538213014,2.7905868128195817,4.574163341100899
753,pop_4,2.8511140226795972,2.8138043698547204,2.8915162356453195,4.009425428091765
754,pop_4,3.233420543985626,2.558859109030529,2.4810439796978527,3.969604133727503
755,pop_4,3.207925270652886,2.45935456974982,3.2243539755371877,4.1552376674829885
756,pop_4,3.047376778552814,2.8252729578705185,3.2127919384446897,3.866201239400199
757,pop_4,3.1778197383437994,2.89252757071861,3.3022496218622464,4.223325804200573
758,pop_4,2.7467826300348257,2.92917998808964,3.1548689033785524,3.960351543448791
759,pop_4,3.0339995543160447,2.643749230238875,3.241712776971134,4.172429814018175
760,pop_4,3.038122955915708,2.63959039915071,3.59201613312274,3.8631944508586167
761,pop_4,3.5575884630789045,2.9045976050385103,2.8979109678477695,3.988975590076073
762,pop_4,2.7081713683004836,2.7594114249619595,2.994816204315098,4.215543648751108
763,pop_4,2.989953376492337,2.5295419637870467,3.3665375799417827,4.045156473186641
764,pop_4,3.1065014153335264,2.852701714384615,3.0016570667862488,3.891767728265507
765,pop_4,2.910716607999944,2.4403724652302556,3.6086484934930745,4.101733771688417
766,pop_4,2.7799350987548164,2.979935065910327,3.3918893997723543,3.9331911672956013
767,pop_4,2.995678230402392,2.7820133886417526,2.983449310900419,4.19457762146449
768,pop_4,2.7392638745398386,2.8779347536332653,3.138859333047245,4.172916159537618
769,pop_4,2.7609895606900037,2.70371865775235,3.250280238192555,3.9872309168677473
770,pop_4,3.1678963255256587,2.5955121456015653,2.7893218170337937,4.270505438421898
771,pop_4,3.019084839508852,2.5586303025762875,3.4493896370679575,4.11258783034607
772,pop_4,2.779781668576212,2.640349259177185,3.204435512787504,4.141057679687952
773,pop_4,2.7971452223729742,2.754234150169457,2.741930688797745,4.139685255398129
774,pop_4,2.7374766335483054,2.8617692793957863,3.530609367725217,3.8766752424021655
775,pop_4,2.5816149436990736,2.4853769344746595,3.3897983536018805,4.538632151411172
776,pop_4,2.842383059678802,2.8524085220083855,3.1337726537899213,4.0591093604598045
777,pop_4,3.181129262270379,2.9069305366860823,3.052929680917092,3.9202829508853836
778,pop_4,2.809820899787858,2.584431371981321,3.247118117617327,3.90334161329018
779,pop_4,3.180444543134137,3.111176720262239,3.4614062526570524,3.9173776318195856
780,pop_4,2.9776894075060376,2.5392873470934356,3.5635124245064724,3.8467748107219424
781,pop_4,3.2099423258573916,2.7118309570565664,3.303514819072009,4.302821626133428
782,pop_4,3.069299539501721,2.8972146951949886,2.7225851769728444,3.96663194034419
783,pop_4,3.024165667565422,2.339995160949646,3.306041223726046,3.9007541761504574
784,pop_4,3.1365291331068024,2.8164855137464406,3.351453539148139,4.267461549002783
785,pop_4,2.974241394728326,2.516610533998098,2.9061879653404006,3.7740563111332532
786,pop_4,3.235599924203727,2.7507321661868263,2.951359988251899,4.044657637647583
787,pop_4,2.7430283806004727,2.6783421531912537,3.506574732960646,3.780274530575881
788,pop_4,2.9613709793364147,2.698105592618935,2.9038594544988827,3.837078330227979
789,pop_4,2.9048118663593616,2.6570562565896467,3.4226192855724014,4.277293502867116
790,pop_4,3.412984189396288,3.083621725580416,3.0898348909658018,3.6022762251361637
791,pop_4,2.89509442070378,2.8179110547289716,3.0808440012095653,3.7303459925539015
792,pop_4,2.91442706656744,2.50639240796331,2.8817180398222653,4.194257556030676
793,pop_4,3.3379948313640937,2.8671939335337977,2.8654039017604913,4.208731950273409
794,pop_4,3.317469510243184,2.9046871573831403,3.4192627250394434,4.139512706137444
795,pop_4,3.3345156789265142,3.2377772848365654,2.8284888015724596,3.870043051149478
796,pop_4,2.8651233283423334,2.571064130903748,3.1209062224633586,4.19563143654896
797,pop_4,2.904366527129888,2.4891858672463023,3.4240855661184972,4.367465751924633
798,pop_4,3.2030206289209966,2.9151765862711136,2.5045126706686376,3.8320338604044264
799,pop_4,3.1629571752374783,2.621344519871737,3.038853143323172,3.95506204080187
